ООО "МОНТЭ"						
Оборотно-сальдовая ведомость по счету 62 за 01.01.2022 - 06.04.2023						
						
Выводимые данные: БУ (данные бухгалтерского учета)						
						
Счет	Сальдо на начало периода		Обороты за период		Сальдо на конец периода	
Контрагенты	Дебет	Кредит	Дебет	Кредит	Дебет	Кредит
						
62	18 980 249,71		444 827 718,48	451 576 242,28	12 231 725,91	
19-Й ТМП АО		9 000,00				9 000,00
77 РЕГИОН ООО			15 000,00	15 000,00		
АВАН ООО			148 500,00	148 500,00		
АВАНГАРД ООО (пут)  (Арнох)			31 500,00	31 500,00		
АВАНГАРДСТРОЙ ООО		21 000,00	981 000,00	960 000,00		
АВАНТАЙМ ООО (тетрис-м)			99 330,00	99 330,00		
АВИТЕЛ ГРУП ООО (ЭСМ-7+пут. в скрепке)	13 000,00		130 700,00	143 700,00		
АВТО-САНАТА ООО			45 687,50	45 687,50		
АВТОБОТЫ МСК ООО			413 131,25	413 131,25		
АВТОКОМПЛЕКТ ООО (пут)	1 841 500,00			900 000,00	942 500,00	
АВТОКРАН ООО			20 000,00	20 000,00		
АВТОКРАНАРЕНДА ООО (Маргарита) (пут)			275 334,00	275 334,00		
АВТОКРАНПРОЕКТ ООО (госномер,завер коп, почтой)		2 825,00	384 350,00	329 100,00	52 425,00	
АВТОСПЕЦГРУПП ООО			1 454 900,00	1 454 900,00		
АГМ-БИЛД ООО			135 000,00	135 000,00		
АГР СПЕЦТЕХНИКА ООО (пут)	86 500,00		286 700,00	373 200,00		
АДП ООО			18 000,00	18 000,00		
АЙ-КЛИМАТ ООО			92 000,00	92 000,00		
АЙПРО ООО		9 000,00	18 000,00	9 000,00		
АКВИЛОН ООО			171 025,00	171 025,00		
АКСИС ООО (скрепка)			162 750,00	162 750,00		
АКТРОС ООО			28 000,00	28 000,00		
АЛДЕН ООО			2 207 700,00	2 207 700,00		
АЛЛСТРОЙ1 ООО			119 375,00	119 375,00		
АЛМАКС ООО			48 000,00	48 000,00		
АЛЬКОН СТАЛЬ ООО	880,00		31 060,00	31 940,00		
АЛЬМАКОРГРУП ООО (скрепка)	37 215,00		13 904 613,75	13 865 012,50	76 816,25	
АЛЬМИС-ИНТЕГРАЛ ООО (коп пут +счет)		5 202 925,00	69 096 725,00	63 973 950,00		80 150,00
АЛЬПАКОРД ООО		3 375,00				3 375,00
АЛЬПСТРОЙ ООО (альпакорд)			203 625,00	223 625,00		20 000,00
АЛЬТ-ТЕХНО-ГРУПП ООО			10 400,00	10 400,00		
АЛЬТА СТИЛЬ ООО			25 400,00	25 400,00		
АЛЬТЕРНАТИВА ООО  (ИП БОЧКОВ)			22 500,00	22 500,00		
АЛЬФА КОНСТРАКТ ООО		8 000,00	76 475,00	68 475,00		
АЛЬФА-БАНК АО (ЗП)				116,24		116,24
АЛЬФА-СТРОЙ ООО	33 750,00			33 750,00		
АЛЬЯНС ООО (7723840082 Арнох)			298 250,00	298 250,00		
АЛЬЯНС СТ ООО	1 600,00				1 600,00	
АЛЮМИКС СЕРВИС ООО		4 678,75	421 286,25	416 607,50		
АЛЮСПЭЙС ООО (зав. коп. почтой)	31 500,00		176 900,00	208 400,00		
АЛЮСТРОЙ ООО			1 492 450,00	1 492 450,00		
АМ СТРОЙ ООО			25 200,00	25 200,00		
АМА ГРУПП ООО			494 925,00	494 925,00		
АМБ-СТРОЙТРАНС ООО			38 000,00	38 000,00		
АНТ ЯПЫ ООО (скрепка)	328 750,00		24 812 950,00	20 378 900,00	4 762 800,00	
АНТЕЙ ООО			18 000,00	18 000,00		
АНТТЕК ООО (скрепка)	750 475,00		4 502 425,00	3 438 875,00	1 814 025,00	
АНТЭКС-ИНЖИНИРИНГ ООО			2 105 165,00	2 105 165,00		
АО "ГК "ЕКС" (завер коп + счет)	1 343 060,00		1 065 200,00	2 413 900,00		5 640,00
АО "ЛВЗ "ТОПАЗ"			153 000,00	153 000,00		
АО "НПП "ИСТОК" ИМ. ШОКИНА"			120 000,00	120 000,00		
АО «СМК «СТОЛИЦА» (скрепка)	445 982,42		1 505 756,25	1 926 738,67	25 000,00	
АП СЕРВИСНЫЙ ЦЕНТР ООО			66 000,00	66 000,00		
АПЕКС ГРУПП ООО			2 451 375,00	2 451 375,00		
АПР ООО			36 000,00	36 000,00		
АРГО ООО	32 475,00		233 887,50	266 362,50		
АРДТЕХ ООО (пут)			143 900,00	143 900,00		
АРЕН ООО (не должны)			29 000,00	29 000,00		
АРКАДИКА-Т ООО			43 840,00	43 840,00		
АРКОНА ООО		4 000,00	288 900,00	284 900,00		
АРМА ООО			22 000,00	22 000,00		
АРМА-ПРО ООО	1 000,00		9 000,00	9 000,00	1 000,00	
АРПК ООО	299 400,00		1 189 655,00	1 413 655,00	75 400,00	
АРС ООО			20 000,00	20 000,00		
АРСЕНАЛ-ТЕХНОЛОГИЯ ООО			342 445,00	342 445,00		
АРТ КЕРАМИКА ООО		375,00				375,00
АРТ МАСТЕР ООО			40 000,00	40 000,00		
АРТ-КВАРТАЛ ООО	3 375,00			3 375,00		
АРТА-РУСЬ ООО			135 187,50	135 187,50		
АРТИДЕЛО ООО			168 600,00	168 600,00		
АРТИС ООО ( по всем компания, диадок после оплаты)	455 455,00		4 177 912,50	4 633 367,50		
АРТСТРОЙТЕХНОЛОГИЯ ООО		1 625,00				1 625,00
АРТТЕХСТРОЙ ООО			31 850,00	31 850,00		
Арутюнян Мариам Симоновна			222 050,00	222 050,00		
АРХИТЕКТОНИКА ООО			203 600,00	203 600,00		
АРХИТЕКТУРА СТЕКЛА ООО			29 500,00	29 500,00		
АСВ ГРУПП ООО			213 250,00	213 250,00		
АСД ООО СК		3 900,00	3 900,00			
АСК ООО			350 000,00	350 000,00		
АСК ТЕЛЛУР ООО			97 100,00	97 100,00		
АСТ ООО			88 500,00	88 500,00		
АСТ ООО			399 920,00	399 920,00		
АТАЛИАН ИНЖИНИРИНГ ООО			46 000,00	46 000,00		
АТРИУМ ООО УК			54 000,00	54 000,00		
АТС ООО			133 750,00	133 750,00		
Ащеулова Наталья Владимировна	11 400,00				11 400,00	
АЭР-КОНДР ООО			30 000,00	45 000,00		15 000,00
АЭРОТЕРМ ООО			67 000,00	67 000,00		
Б-ПРИНТ ООО			26 000,00	26 000,00		
БАЗИС ООО			28 000,00	28 000,00		
БАРГУЗИН ООО			22 000,00	22 000,00		
БАСТИОН ООО	63 580,00		300 765,00	364 345,00		
БАСТИОН-СТРОЙ ООО	90 750,00				90 750,00	
БАУСИСТЕМ ООО		5 062,50				5 062,50
БЕЙКЕР СЕРВИС ООО			28 000,00	28 000,00		
БЕЛРАСТ ООО (зав коп)		30 250,00				30 250,00
БЕЛСПЕЦ ООО			112 760,00	112 760,00		
БЕРПУЛ ООО			108 500,00	108 500,00		
БЕТОНСЕРВИС+ ООО ( зав.коп.)			45 040,00	45 040,00		
БИЗНЕС КВАРТАЛ НОВЬ ООО			170 760,00	170 760,00		
БИЗНЕСКОНТАКТ АО			126 000,00	126 000,00		
БИНОТЭК ООО		11 520,00	155 763,75	144 243,75		
БИОКОМПЛЕКТ ООО			60 000,00	60 000,00		
БИОЭН ТЕРМИНАЛ ООО		47 000,00	47 000,00			
БМ КОНСТРАКШН ООО			28 000,00	28 000,00		
БМ-СТРОЙ ООО (Рустика)			518 375,00	522 000,00		3 625,00
БОСКЕТ ООО		10 000,00				10 000,00
Бочков Максим Олегович			21 250,00	21 250,00		
БУЛАТ ООО (Арнох)			16 000,00	16 000,00		
БЮРО ООО			26 000,00	26 000,00		
Васильков Сергей Витальевич			36 000,00	36 000,00		
ВБК ООО (ворлд оф билдинг констракшн)	38 000,00		427 670,00	465 670,00		
ВДТЕХ ООО (скрепка)			30 000,00	30 000,00		
ВЕГА ООО			2 048 500,00	2 048 500,00		
ВЕГААВАНГАРД ООО			214 750,00	214 750,00		
ВЕКА-СТРОЙ ООО			37 000,00	37 000,00		
ВЕКТОР ООО			20 000,00	20 000,00		
ВЕКТОР ООО (полимер рус)	11 280,00				11 280,00	
ВЕРТИКАЛЬ ООО			55 600,00	55 600,00		
ВЕРТИКАЛЬСПЕЦМОНТАЖ ООО			25 920,00	9 720,00	16 200,00	
ВЕРХОЛАЗОВ И ТОВАРИЩИ ООО	4 000,00				4 000,00	
ВЕСНА ГРУПП ООО			264 000,00	264 000,00		
ВИА-СТРОЙ ООО	40 930,00		925 985,00	966 915,00		
ВИППС ООО	25 900,00		713 705,00	739 605,00		
ВИСГРАД ООО			398 775,00	398 850,00		75,00
ВИТАЛ КЛИМАТ ООО			38 500,00	38 500,00		
Вишневская Ксения Петровна ИП (Гор)			35 600,00	35 600,00		
ВМ-ПРОЕКТ ООО			22 000,00	22 000,00		
ВМ-СТРОЙ ООО	5 700,00		1 498 237,50	1 503 937,50		
ВОКС ИТ АО			134 500,00	134 500,00		
Волкова Елена Николаевна (Арнох)				27 300,00		27 300,00
ВОРОНЦОВСКИЙ БПК АО			23 000,00	23 000,00		
ВП-МЕДИА ООО	10 000,00		590 250,00	611 440,00		11 190,00
ВПК НПО МАШИНОСТРОЕНИЯ АО		8 500,00	337 000,00	418 500,00		90 000,00
ВРС ДИДЖИТАЛ ООО			17 000,00	17 000,00		
Второй Филиал Акционерного Общества "Устай Улусларарасы Йапы Тааххют Ве Тиджарет Аноним Ширкети"			24 400,00	24 400,00		
Высоковская Лада Викторовна			22 000,00	22 000,00		
ВЫСОТА-М ООО			259 375,00	259 375,00		
ВЫСОТНАЯ СТРАНА ООО			25 920,00	25 920,00		
ВЫСОТНАЯ СТРАНА ООО ГК			60 960,00	60 960,00		
ВЭЛКО-2000 ООО ПКП			4 140 625,00	4 338 750,00		198 125,00
ГАЗ ДЕВЕЛОПМЕНТ ООО			40 431,25	40 431,25		
ГАРАНТ ООО			60 000,00	60 000,00		
ГАРМОНИЯ ФАСАДА ООО			42 000,00	42 000,00		
Гедро Дмитрий Юрьевич			30 000,00	30 000,00		
ГЕЛИОС ООО (ориг.пут.)	9 500,00		148 500,00	158 000,00		
ГЕЛЛА ООО		9 000,00				9 000,00
ГЕНСТРОЙТРАНС ООО			242 000,00	242 000,00		
ГЕОЛИНК ИНЖИНИРИНГ ООО			461 500,00	496 750,00		35 250,00
ГЕОСТРОЙПРОЕКТ ООО	0,05				0,05	
ГЕРКОН ООО			545 900,00	545 900,00		
ГЕРМЕС ООО (Анжела ЗАк)			268 587,50	269 637,50		1 050,00
ГК АСП ООО			32 000,00	32 000,00		
ГК СОДРУЖЕСТВО ООО			55 125,00	55 125,00		
ГЛАСС КОНСТРАКШН М ООО	37 440,00			37 440,00		
ГЛОБУС-СТАЛЬ ООО			30 800,00	30 800,00		
ГОЛУТВИНСКАЯ СЛОБОДА ОАО			54 000,00	54 000,00		
ГОНКА ГЕРОЕВ АНО			54 000,00	54 000,00		
Гордиенко Максим Максимович			210 000,00	210 000,00		
Горелов Антон Игоревич			159 000,00	159 000,00		
ГОРИЗОНТ-КРАСНОДЕРЕВЩИК ООО			26 080,00	26 080,00		
ГОРКА (корешки, ЭСМ7)	1 562,50				1 562,50	
ГОРОД СВЯЗИ ООО			55 125,00	55 125,00		
ГОРСТРОЙ ООО			10 000,00	10 000,00		
ГОСТИНИЦЫ ТУШИНО 2018 АО (СКРЕПКА)			36 000,00	36 000,00		
ГРАДБИЛД ООО			208 070,00	208 070,00		
ГРАНИСТРОЙ ООО			76 500,00	76 500,00		
ГРИН СТРИМ ИНЖИНИРИНГ ГРУПП ООО			355 725,00	401 775,00		46 050,00
ГРИНСМАСТЕР ООО			275 750,00	275 750,00		
ГРИНТРИЗ ООО	9 600,00		370 755,00	380 355,00		
ГРУЗМАСТЕР ООО (пут)			314 062,50	314 062,50		
ГРУППА ПРО ООО			39 400,00	39 400,00		
ГСТ ОБЩЕСТВО С ОГРАНИЧЕННОЙ ОТВЕТСТВЕННОСТЬЮ			7 952 250,00	7 952 250,00		
ГУОВ АО		13 000,00	23 000,00	11 500,00		1 500,00
Гусев Алексей Валерьевич	79 837,50		200 500,00	280 337,50		
Гусев Павел Викторович			18 000,00	18 000,00		
ГУТ КОМПЛЕКТ ООО			42 000,00	42 000,00		
ГУТ МАСТЕР ООО			21 000,00	31 500,00		10 500,00
ДАТАПРО ООО			900 309,01	900 309,01		
ДДК СПЕЦТРАНС ООО			13 000,00	13 000,00		
ДЕВЕЛОПЕР БИЛДИНГ ООО (каскад)	23 300,00			23 300,00		
ДЕКОРЛАЙН ООО	194 000,00		433 750,00	627 750,00		
ДЕКСМ ООО (скрепка)	120 387,50		631 220,00	751 607,50		
ДЕЛЬТА М ООО (Новатек)	16 500,00		302 412,50	318 912,50		
ДЕЛЬТА-М ООО (дт)			582 775,00	626 775,00		44 000,00
ДЕМАР ТРЕЙДИНГ ООО		1 250,00				1 250,00
ДЕНИ-ПАРК ООО (пут)		13 500,00	13 500,00			
ДЕПО МЕНЕДЖМЕНТ ООО			9 000,00	9 000,00		
ДЕСТРОЙ ГРУПП ООО			200 368,75	200 368,75		
ДЖАСТ СКАЙ ООО			447 450,00	447 450,00		
Джорубов Хаёт Махмадшарифович			84 000,00	84 000,00		
ДИАЛТЕХ ООО			1 062 250,00	1 062 250,00		
ДИВ ООО	1 250,00		3 070 875,00	3 072 125,00		
ДИОН ООО			41 200,00	41 200,00		
ДОК № 5 АО			83 000,00	83 000,00		
ДОЛИНА КЛИМАТА ООО			49 600,00	49 600,00		
ДОЛУС ЗАО			16 000,00	16 000,00		
ДОРОГА СЕРВИС ООО			458 800,00	466 800,00		8 000,00
ДОРОЖНО-СТРОИТЕЛЬНАЯ КОМПАНИЯ 82 ООО (не должны)	15 350,00				15 350,00	
ДОРОЖНЫЕ КОМИССАРЫ СТОЛИЦЫ ООО			1 736 275,00	1 086 200,00	650 075,00	
ДОРСТД ООО			169 642,50	176 642,50		7 000,00
ДС ООО			127 500,00	127 500,00		
ДСС ООО			20 000,00	20 000,00		
ЕВРАЗИЯ-СПЕЦАВТО ООО			91 065,00	88 635,00	2 430,00	
ЕВРО ЭЛЕКТРО ООО			28 000,00	28 000,00		
ЕВРОЭКСПЕРТИЗА ООО			34 000,00	34 000,00		
Еганян Геворг Валерьевич			67 500,00	67 500,00		
ЕНИГЮН ООО			4 130 500,00	3 960 000,00	170 500,00	
ЕС ИНЖИНИРИНГ ООО			19 000,00	19 000,00		
ЖС ФМ ООО		22 500,00	126 500,00	106 750,00		2 750,00
ЗАВОД ИНТЕРЬЕРНЫХ РЕШЕНИЙ ООО			125 000,00	125 000,00		
Захаров Игорь Андреевич (русавтострой)			907 125,00	907 125,00		
Земцева Нина Сергеевна			24 000,00	24 000,00		
ЗЕТТА ООО	1 000,00		-1 000,00			
ЗМФ-ИНЖИНИРИНГ ООО (7725413760)		24 000,00	186 000,00	186 000,00		24 000,00
ЗНАК КАЧЕСТВА 21 ВЕК ООО			24 000,00	24 000,00		
ИВС ГРУПП ООО			26 400,00	26 400,00		
ИКК ООО			20 000,00	20 000,00		
ИМПЕРИЯ СТРОЙ ООО			342 090,00	342 090,00		
ИМПУЛЬС ООО			99 000,00	99 000,00		
ИНВЕСТИЦИОННАЯ ГРУППА СИГМА ООО			59 250,00	59 250,00		
ИНВИЗИБЛ ГРУПП ООО			32 000,00	32 000,00		
ИНДЖЕТ ООО			9 000,00	9 000,00		
ИНЖВЕНТСЕРВИС ООО			106 500,00	106 500,00		
ИНЖКОМ ООО			137 250,00	137 250,00		
ИНЖПОЛИКОМ ООО			1 120 812,50	1 120 812,50		
ИНЖСПЕЦСТРОЙ ООО	2 375,00		210 785,00	213 160,00		
ИНЖТЕХНИКГРУПП ООО			14 200,00	14 200,00		
ИНТЕГРАЛ ООО (Арнох / зав коп пут)	12 200,00		192 563,00	204 763,00		
ИНТЕРВЕСТ ООО(скрепка)	95 062,50		1 776 800,00	1 643 112,50	228 750,00	
ИНТЕРИНВЕСТ ООО			31 200,00	31 200,00		
ИНТЕРСТРОЙСЕРВИС ООО (Арнох)		10 800,00				10 800,00
ИНТЕРТРЕЙД ООО (Аршак)	4 425 390,00		2 748 140,00	7 173 530,00		
ИРБИС ГРУПП ООО			23 000,00	23 000,00		
ИСВ ООО	1 625,00		45 000,00	46 625,00		
ИСИТ ООО (термоинжиниринг)			33 000,00	33 000,00		
ИТЕРАНЕТ ООО			69 600,00	69 600,00		
ИТС ООО (валентин)	7 500,00		140 250,00	140 250,00	7 500,00	
ИТЭЛМА СП ООО			20 000,00	20 000,00		
ЙУМИ ООО			24 000,00	24 000,00		
К-ЭКСПЕРТ ООО			5 762 250,00	5 434 750,00	327 500,00	
К.Б.А. ООО			2 412 266,00	2 412 266,00		
КАДРОВЫЕ РЕСУРСЫ ООО			61 312,50	61 312,50		
КАП-СТРОЙ ООО	1 750,00			1 750,00		
КАПИТАЛ ГРУП ООО (Чир)	8 640,00				8 640,00	
КАПИТАЛСТРОЙ ООО			80 000,00	80 000,00		
КАПСТРОЙРЕКОНСТРУКЦИЯ АО (завер. коп)			165 500,00	165 500,00		
КАРГО ПРОВАЙДЕР ООО			160 500,00	160 500,00		
КАРСТРОЙ ООО			3 390 437,50	3 524 937,50		134 500,00
КАСКАД-ЭНЕРГО ООО (каскад)		48 000,00	312 750,00	251 437,50	13 312,50	
КАСР КОМПАНИ ООО			92 125,00	92 125,00		
КАТЕТ ООО			177 500,00	177 500,00		
КБ ООО			75 000,00	75 000,00		
КВАНТУМ-В ООО			19 400,00	19 400,00		
Кектеева Деля Алексеевна			118 125,00	119 562,50		1 437,50
КЕТАМА ООО			196 250,00	196 250,00		
КИНОКОМПАНИЯ "ПАРАДИЗ ПРОДАКШНЗ" ООО		8 000,00	16 000,00	8 000,00		
КИНОСТУДИЯ КИТ ООО ( коришок)			70 675,00	70 675,00		
КИПЛИНГСТРОЙ ООО	843,75		9 600,00	10 443,75		
КЛИММАРКЕТ-СТРОЙ ООО			587 037,10	587 036,50	0,60	
КЛИНИНГ ГРУПП ООО			131 125,00	139 093,75		7 968,75
КЛИНПЛАСТ-ЗАПАД ООО			78 225,00	78 225,00		
КМ ООО (климмаркет строй)		8 000,00	51 000,00	43 000,00		
КОЛЕСО-ВДНХ ООО			3 911 375,00	3 911 375,00		
КОММТЕХ ООО (скрепка)			98 240,00	98 240,00		
КОМПАНИЯ КЛИМТЭК ООО			9 000,00	14 485,64		5 485,64
КОМПАНИЯ РЭЙ ООО			799 500,00	799 500,00		
КОМПАНИЯ СТРОЙКОМ ООО			295 312,50	295 312,50		
КОМУС ООО			29 760,00	29 760,00		
КОНКРАН ООО (коп. пут. не завер.+счет)	937 187,50		3 514 012,50	4 446 075,00	5 125,00	
КОНТИНЕНТ ООО			907 125,00	928 500,00		21 375,00
КОНТРАКТОР ООО			215 220,00	215 220,00		
КОНТРАСТ МЕДИА ООО			46 000,00	46 000,00		
КОНЦЕПТСТРОЙ ООО			159 062,50	159 062,50		
КОРОНА-ФУД ООО			1 016 012,50	990 812,50	25 200,00	
КПС ООО			4 206 781,25	4 247 031,25		40 250,00
КРАНМАР ООО (зав крп пут)	8 000,00		56 965,00	64 965,00		
КРАНОВЩИК.РУ ООО (пут)			121 750,00	121 750,00		
КРАНСНАБ ООО (пут) договор под.	286 698,75		7 178 470,00	6 919 706,25	545 462,50	
КРАНСТРОЙ ООО (друг геворга)			884 435,00	667 035,00	217 400,00	
КРАФТ ООО		8 000,00	3 928 875,00	3 468 250,00	452 625,00	
КРК ООО (пут)	1 096 500,00			1 096 500,00		
КРОНОС ООО			7 620 735,00	7 620 735,00		
КРОНОТЭК ИНЖИНИРИНГ ООО	3 000,00		135 625,00	138 625,00		
КРОНОТЭК ООО		3 000,00	217 500,00	214 500,00		
КС-ПРОМ ООО	40 850,00		2 437 264,50	2 478 114,50		
Кузин Александр Сергеевич			13 750,00	13 750,00		
КУЛЬТРАССВЕТ ООО			28 000,00	28 000,00		
КЭПИТАЛ СИТИ ООО			480 750,00	482 750,00		2 000,00
КЭТ ПЛЮС ООО	11 600,00				11 600,00	
Л-ПРОДАКШН ООО			513 500,00	513 500,00		
ЛАЙВ САУНД ООО			32 000,00	32 000,00		
ЛАЙНКРОВ ООО (зав.коп пут)	182 347,50		45 750,00	228 097,50		
ЛАЙФ САЙНС ООО			53 000,00	53 000,00		
ЛАКЕЕВ ТИМУР ВЯЧЕСЛАВОВИЧ (ИП)			819 500,00	819 500,00		
ЛАО ЛИ МЕНДЕЛЕЕВ ООО			75 000,00	75 000,00		
ЛЕВАРТ ООО			144 800,00	144 800,00		
ЛЕГАС-ГРУПП ООО			386 000,00	388 000,00		2 000,00
ЛЕР ГРУПП ООО			42 000,00	42 000,00		
ЛИАРМЕТ ООО	103 125,00		54 750,00	97 500,00	60 375,00	
ЛИГРАС ООО			34 500,00	34 500,00		
ЛИДЕРСТРОЙ ООО	12 800,00				12 800,00	
ЛИМАК КОНСТРАКШН ООО			277 000,00	277 000,00		
ЛМС ООО (коп пут +счет+упд	499 187,50		339 687,50	822 624,50	16 250,50	
ЛОДЖИСТИК СТАР ООО			12 000,00	12 000,00		
Лопаткин Александр Алексеевич			646 500,00	644 500,00	2 000,00	
ЛОРД ООО			38 000,00	38 000,00		
ЛЭЙТС МЕДИА ООО			147 250,00	147 250,00		
ЛЭНДСЕРВИС ООО			76 000,00	77 000,00		1 000,00
М-ВЕНТ ООО			48 000,00	48 000,00		
М-РЕНТ ООО			22 000,00	22 000,00		
М-ТРАНС ООО			17 400,00	17 400,00		
М2-АРТ ООО			19 000,00	19 000,00		
МАГ - НЭТ ООО			175 000,00	175 000,00		
МАЙККОМП ООО		10 600,00	19 000,00	19 000,00		10 600,00
Майорчиков Андрей Сергеевич	7 687,50		289 515,00	297 202,50		
МАКС КАПИТАЛ БИЛДИНГ ООО			159 000,00	159 000,00		
МАКСИМА ГРУП ООО (вентапарк)		24 750,00				24 750,00
МАКСИМА ООО			494 493,75	505 993,75		11 500,00
МАКСИМА СТРОЙ ООО			294 375,00	292 500,00	1 875,00	
МАЛЫЙ КОЗИХИНСКИЙ, 3 ТСЖ			115 200,00	121 600,00		6 400,00
МАРЬЯМ ООО	16 250,00				16 250,00	
МАСТ ООО (9719011287)			88 000,00	88 000,00		
МАТЕН ООО			185 312,50	182 600,00	2 712,50	
МАЯК ООО ПСК			865 650,00	865 650,00		
МБ 23 ООО		1 625,00	26 000,00	24 375,00		
МБ-СТРОЙ ООО	2 250,00			2 250,00		
МВ ХОЛДИНГ ООО			176 960,00	176 960,00		
МГГ ООО			154 687,50	154 687,50		
МГСС ООО		6 172,50	691 086,25	684 914,25		0,50
МДД-РЕКЛАМА ООО		2 400,00				2 400,00
МДКСТРОЙ ООО			9 000,00	9 000,00		
МЕГАЛИТ ООО			872 250,00	872 250,00		
МЕГАПРОМ ООО			44 625,00	44 625,00		
МЕРГУД ГРУПП ООО			28 000,00	28 000,00		
МЕСА ООО			49 500,00	49 500,00		
МЕСТНАЯ РЕЛИГИОЗНАЯ ОРГАНИЗАЦИЯ ПРАВОСЛАВНЫЙ ПРИХОД ХРАМА СВЯТИТЕЛЯ НИКОЛАЯ МИРЛИКИЙСКОГО В ХАМОВНИК			16 000,00	16 000,00		
МЕТАЛЛЛЮКС ООО			558 750,00	558 750,00		
МЕТКОМЦЕНТР ООО ТПК			451 446,44	451 446,44		
МИГО ООО			144 000,00	144 000,00		
МИКОЛЬ-ТРЕЙДИНГ ООО	1 000,00				1 000,00	
МИР РЕКЛАМЫ ООО		18 000,00	27 000,00	27 000,00		18 000,00
МИРАСТРОЙ ООО		6 000,00	168 450,00	162 450,00		
Миронова Анна Павловна			167 000,00	167 000,00		
МНР - СТРОЙ ООО			44 625,00	44 625,00		
МОДУЛЬ - СТРОЙНАУКА 1 ООО (Раиса) пут.		2 460,00	74 625,00	74 625,00		2 460,00
МОЛЛ МЕДИА ГРУПП ООО (ИНН 7727392480)			90 400,00	102 800,00		12 400,00
МОЛЛДЕКОР РУС ООО	132 550,00		84 000,00	216 550,00		
МОНОЛИТ ООО	1 000,00		80 000,00	80 000,00	1 000,00	
МОНОЛИТСТРОЙ ООО			38 000,00	38 000,00		
МОНОЛИТСТРОЙ ООО			11 000,00	11 000,00		
МОНОТЕК СТРОЙ ООО			7 769 562,50	7 595 437,50	174 125,00	
МОНТАЖ ГРУПП ООО		687,50	932 820,00	923 132,50	9 000,00	
МОСАВТОКРАН ООО			1 172 570,00	1 172 570,00		
МОССЕЛЬМАШ АО			78 300,00	78 300,00		
МОССПЕЦРЕНТ ООО			14 000,00	14 000,00		
МПК-СТРОЙ ООО (скрепка+ печати)			859 550,00	859 550,00		
МСА ООО			52 500,00	52 500,00		
МСК-ТЕХРЕНТ ООО			39 575,00		39 575,00	
МСП ООО (Мосстройподъём)			9 000,00	9 000,00		
МСТ ООО			1 557 812,50	1 080 562,50	477 250,00	
МСУ ООО		1 120,00	543 637,50	542 517,50		
МТ-КОМ ООО			18 000,00	18 000,00		
МУ ПРОМВЕНТИЛЯЦИЯ ООО (заказным письмом)	60 000,00			60 000,00		
МУЛЬТИСЕРВИС ГРУПП ООО			767 000,00	767 000,00		
МЭМРЗ АО			155 500,00	155 500,00		
НАСЛЕДИЕ ООО		5 000,00				5 000,00
НАУКА-СВЯЗЬ ООО		4 250,00				4 250,00
НД-КОНСТРАКШН ООО			36 000,00	36 000,00		
НЕТКОМСТРОЙ ООО			24 400,00	24 400,00		
НИВА ЗАО АГРОФИРМА			38 000,00	38 000,00		
НИИ ИСО ООО			28 000,00	28 000,00		
НИЦ СТРОИТЕЛЬСТВО АО	2 250,00			2 250,00		
НИЭЛЬ ООО			102 375,00	102 375,00		
НК БИЗНЕС ООО			280 937,50	280 937,50		
НК-СЕРВИС ООО			243 122,50	243 122,50		
НОВЫЙ СЕРВИС ООО			274 720,00	274 720,00		
НОМАД ИНЖИНИРИНГ ООО			80 250,00	80 250,00		
НПК КОНТУР ООО	250,00				250,00	
НПК ОЙЛГАЗМАШ ООО			16 000,00	16 000,00		
НПО ПРОФИЛЬ ООО			1 047 125,00	1 047 125,00		
НПП СТРОЙТЕХ ООО	164 766,22		204 912,56	369 678,81		0,03
НСК ЕВРОСЕРВИС ООО (Армина)			34 800,00	34 800,00		
НТЦ СПЕЦБЕТОН ООО(скрепка)			165 250,00	169 500,00		4 250,00
НУЛЕВОЙ КИЛОМЕТР ООО		13 000,00	128 625,00	115 625,00		
ОАО "НПО "ГИДРОМАШ"			21 000,00	21 000,00		
ОБИТ ООО			19 000,00	19 000,00		
ОБЩЕСТВО С ОГРАНИЧЕННОЙ ОТВЕТСТВЕННОСТЬЮ "ИННОВАЦИОННЫЕ СТРОИТЕЛЬНЫЕ ТЕХНОЛОГИИ" (ист)	52 500,00				52 500,00	
ОВЕНТ ООО			304 531,25	304 531,25		
ОВЕРГРУПП ООО			96 000,00	96 000,00		
ОГМА ООО			29 000,00	29 000,00		
ОДИНЦОВСКАЯ ТЕПЛОСЕТЬ АО			188 062,50	188 062,50		
ОДИНЦОВСКИЙ ТЕХНОПАРК ООО	36 000,00		290 750,00	341 375,00		14 625,00
ОКНА МИРА ООО			38 000,00	38 000,00		
ОКНА ЭКСПЕРТ ООО			246 062,50	246 062,50		
ОКОННЫЕ ТЕХНОЛОГИИ ООО		15 768,00	129 536,00	113 768,00		
ОКОННЫЙ СЕРВИС ПК			26 000,00	26 000,00		
ОКТБ ИС АО			161 883,75	139 443,75	22 440,00	
ОЛИМП ТЕХНОЛОДЖИ ООО			261 541,00	261 540,50	0,50	
ОЛПРИНТ ООО			45 000,00	45 000,00		
ОЛСТРОЙ ООО не должны 6280	20 880,00		-14 600,00		6 280,00	
ОМЕГА-СТРОЙ ООО	9 037,47			9 037,47		
ОНЛАБ СЕРВИС ООО			282 000,00	282 000,00		
ООО " УМИАТ ЯРД"			92 625,00	92 625,00		
ООО "БТИ групп" (бт световые решения)			55 000,00	55 000,00		
ООО "ГК "ФЛАГИ И ШТОКИ"			49 000,00	49 000,00		
ООО "ПК "СИСТЕМА" (зав коп почтой)		66 150,00	610 200,00	544 050,00		
ООО "СК "СТРОЙ-ВЕСТ"	2 125,00				2 125,00	
ООО "СК №1" (бывш сибиряк)	3 500,00				3 500,00	
ООО "ТСК "АЛЬП СТРОЙ ТЕХНОЛОДЖИ"	13 200,00		-13 200,00			
ООО "ТСК "ДЕЛЬТА СТРОЙ"			130 680,00	130 680,00		
ООО "УК "ИНВЕСТПРОЕКТ"			27 032,50	27 032,50		
ООО "УК "ЛОФТСЕРВИС"			44 000,00	44 000,00		
ООО "УК "РАДУГА"			55 875,00	55 875,00		
ООО "УК "СТЕЛЛА"			66 200,00	66 200,00		
ООО «ИНЖЕНЕРНЫЙ ЦЕНТР «ПРОФЭНЕРГИЯ»			389 750,00	389 750,00		
ООО «Торгово-строительная компания «МАКС»(скрепка)			389 687,50	389 687,50		
ООО ГК «МС «ПТГ»		6 500,00				6 500,00
ООО ОК ГРУПП			49 197,50	49 197,50		
ОРЕХ АО			44 000,00	44 000,00		
ОСК СПЕЦСТРОЙ ООО			23 000,00	23 000,00		
ПАВЛОВСКАЯ ГИМНАЗИЯ АНО			48 000,00	48 000,00		
ПАЛЬМИРА БИЗНЕС КЛУБ ООО			20 000,00	20 000,00		
ПАНАВТО ООО			20 000,00	20 000,00		
ПАНДА ГРУПП ООО			29 000,00	29 000,00		
Паносян Эдгар Меружанович	58 126,25			58 126,25		
ПАРОНЯН ГОАР		206 000,00				206 000,00
ПАРТНЕРСТРОЙ ООО			18 000,00	18 000,00		
ПЕЛИСКЕР ООО			459 725,00	493 062,50		33 337,50
ПЕРВЫЙ ПРОЕКТ ООО			66 000,00	66 000,00		
ПК БЕСТМАШ ООО	12 240,00		96 380,00	106 920,00	1 700,00	
ПК ВЕКТАС ООО			20 000,00	20 000,00		
ПЛАЗМАСВЕТ ООО	42 000,00		791 590,00	833 590,00		
ПЛАМ ООО			53 500,00	53 500,00		
ПЛАНЕТА РЕКЛАМЫ 24 ООО			19 200,00	19 200,00		
ПМК-1 ООО			15 000,00	15 000,00		
ПМК-21 ООО (договор)			63 000,00	63 000,00		
ПНЕВМОТЕХ ООО			18 000,00	18 000,00		
ПОЗИТИВ ООО			24 600,00	24 600,00		
ПОЛИАРТ ООО			108 850,00	108 850,00		
ПОЛЮС ООО	20 475,25		175 000,00	198 975,25		3 500,00
ППК ЛАДА ООО	89 805,00		337 715,00	427 520,00		
Представительство АО «АНТ ЯПЫ САНАЙИ ВЕ ТИДЖАРЕТ АНОНИМ ШИРКЕТИ» (ТУРЦИЯ) г. Москва	12 375,00		232 125,00	12 375,00	232 125,00	
ПРЕМИУМ-СТРОЙ ООО			110 750,00	130 500,00		19 750,00
ПРЕМЬЕРКЛИМАТ ООО		1 125,00				1 125,00
ПРЕСТИЖ ООО			43 200,00	43 200,00		
ПРИБОРСЕРВИС ООО			24 000,00	24 000,00		
ПРИМЕКС-ДЕЙЛИ ООО			36 350,00	36 600,00		250,00
ПРОГРЕСС ООО РПК			49 125,00	49 125,00		
ПРОГРЕСС ООО ТПК			869 257,50	869 257,50		
ПРОГРЕСС ТЕЛЕКОМ ООО		22 250,00	22 250,00			
ПРОГРЕСС-МК ООО		1 125,00				1 125,00
Прокопеня Дмитрий Андреевич			258 475,00	258 475,00		
ПРОКСИМО ООО (наличкой отдали)	12 375,00			12 375,00		
ПРОМТЕХРЕСУРС ООО (каскад) ЭСМ-7+их форма			115 550,00	115 550,00		
ПРОМТРЕСТ ООО			37 600,00	37 600,00		
ПРОМЭКОЦЕНТР ООО (договор подписан)			2 684 000,00	2 684 000,00		
ПРОСВЕТ ООО			60 000,00	60 000,00		
ПРОФИ ООО			28 000,00	28 000,00		
ПРОФИ-ТЕЛ АО			489 000,00	489 000,00		
ПРОФИПЛЮС ООО			1 468 945,00	1 468 945,00		
ПРОФМЕТАЛЛКОНСТРУКЦИЯ ООО		18 160,00	169 565,00	151 405,00		
ПРОФНАСТРОЙ ООО			64 000,00	64 000,00		
ПРОФСПЕЦСТРОЙ ООО			124 550,00	124 550,00		
ПРОФСТРОЙРАЗВИТИЕ ООО			65 000,00	65 000,00		
ПРОФТЕХ ООО (пут)			2 282 897,50	2 265 085,00	17 812,50	
ПСК ГЕОТОК ООО			30 000,00	30 000,00		
ПСК МАГИСТРАЛЬ ООО			54 000,00	57 000,00		3 000,00
ПСК МЕТ КОН ООО		2 250,00				2 250,00
ПСК НАТЕКО ООО			31 875,00	30 000,00	1 875,00	
ПСК ПРОЗРАЧНЫЙ МИР ООО			56 000,00	56 000,00		
ПСК-1 ООО			53 500,00	53 500,00		
ПТС ООО			60 000,00	60 000,00		
ПФ РЕСТАВРАЦИЯ ООО			133 000,00	133 000,00		
ПЧБ ООО (завер копия пут)			36 000,00	36 000,00		
ПЭС ООО			22 562,50	22 562,50		
Р ГРУПП ООО (бизнес групп)			155 845,00	144 325,00	11 520,00	
Р ПРОЕКТ ООО РПФ			52 000,00	52 000,00		
Р-ГРУПП ООО	0,25				0,25	
РА Акрополь ООО			260 000,00	260 000,00		
РАГНАР МАШИНЕРИ ООО	175,00		1 739 960,00	1 745 710,00		5 575,00
РБС ООО (региональные беспроводные сети)		15 500,00	24 000,00	12 000,00		3 500,00
РГ ОНЛАБ ООО			84 000,00	84 000,00		
РДС ГРУПП ООО			30 000,00	30 000,00		
РЕГИОНИКА-СТРОЙ ООО			10 750,00	10 750,00		
РЕКМАН ООО (бывш. Наружная Реклама РМ ООО) ИНН 7719744097			98 000,00	98 000,00		
РЕКМАН ООО (наруж рек рпк рм)		600,00	177 200,00	176 600,00		
РЕМ-Н ООО			530 785,00	544 785,00		14 000,00
РЕМДОР ООО		5 250,00	5 250,00			
РЕМСТРОЙСЕРВИС ЗАО РСФ (зав.копии почтой)		15 600,00	69 100,00	55 600,00		2 100,00
РЕНОВАЦИИ В СТРОИТЕЛЬСТВЕ ООО		6 750,00				6 750,00
РЕНСТРОЙДЕТАЛЬ ООО			12 000,00	12 000,00		
РЗКК МАРКЕТ ООО			48 000,00	48 000,00		
РИВЕР ПАРК ООО			401 400,00	401 400,00		
РИГ ООО			11 000,00	11 000,00		
РИЗА ООО ФК	4 200,00				4 200,00	
РИКВЭСТ-СЕРВИС ООО			27 600,00	27 600,00		
РИКПРОМ ООО			24 000,00	24 000,00		
РИТ ООО			32 000,00	32 000,00		
РК РЕЗАЛИТ ООО		16 000,00	73 687,50	57 687,50		
РКК-МОНТАЖ ООО		19 200,00	150 400,00	131 200,00		
РПК ГОРОД ООО	41 780,00			41 780,00		
РПК РЕСТАЙЛ ООО		9 000,00				9 000,00
РПК ЭОН ООО			42 960,00	33 000,00	9 960,00	
РРСВЯЗЬ АО			365 065,00	365 065,00		
РСБ КОНСТРАКШН ООО	7 300,00		185 582,50	192 882,50		
РСК ГЕФЕСТ ООО			74 750,00	74 750,00		
РСК ШАЛЕ ООО (триарт-см)		12 000,00				12 000,00
РСУ ПЕРЕСВЕТ ООО	2 500,00				2 500,00	
РТРС			30 375,00	30 375,00		
РТРС (филиал)			42 000,00	42 000,00		
РУКИ ПЛЮС ООО			22 000,00	22 000,00		
РУССБЛАНКОИЗДАТ ООО			148 000,00	160 000,00		12 000,00
РУССТИКА ООО (БМ-СТРОЙ)			1 167 000,00	1 167 000,00		
Рыбакова Дарья Юрьевна			20 000,00	20 000,00		
Рябов Евгений Михайлович			42 000,00	42 000,00		
С-ДСУ 111 ООО		25 000,00				25 000,00
Сайдулаев Амруддин Шерванович			142 400,00	142 400,00		
Сапецкий Александр Олегович			62 500,00	62 500,00		
Саркисов Дмитрий-киф Викторович			18 000,00	18 000,00		
СБС ООО		12 000,00				12 000,00
СВАРГО ГРУПП ООО			28 000,00	28 000,00		
СЕРВИС-ЛАЙТ ООО			17 600,00	17 600,00		
СЕРВИС-ПАРТНЕР ООО			23 000,00	23 000,00		
СЕРВИС-ПАРТНЕР ОРЕЛ ООО			179 400,00	218 900,00		39 500,00
СЕРВИС-ПАРТНЕР УК ООО	400,00				400,00	
СЕРВИСНЫЙ ЦЕНТР - ВЫВЕСКА ООО			1 671 415,00	1 677 815,00		6 400,00
СИБА-ВЕНДИНГ ООО			40 000,00	40 000,00		
СИБСПЕЦСЕРВИС ООО			2 830 687,50	2 830 687,50		
СИНЕРГИЯ УНИВЕРСИТЕТ			84 100,00	84 100,00		
СИРИУС ООО			68 200,00	68 200,00		
СИТИ СЕРВИС ООО (Кэпитал Сити)			42 000,00	69 000,00		27 000,00
СИТИ-СТРОЙ ООО	4 762,50		49 117,50	53 880,00		
СИТИСТРОЙ ООО			136 000,00	136 000,00		
СИТИСТРОЙИНВЕСТ ООО	66 625,00				66 625,00	
СК "СТРУКТУРА ООО			12 000,00	12 000,00		
СК ВИРА ООО			117 937,50	117 937,50		
СК ГОРОД ООО			18 000,00	18 000,00		
СК ИНТЕР ООО			117 375,00	117 375,00		
СК КЛАДЕЗЬ ООО	2 687,50		328 250,00	330 937,50		
СК КС ООО  (корешки с печатью и эсм7)			16 000,00	16 000,00		
СК ЛИДЕР ООО		375,00				375,00
СК НАТЕКО ООО (ЭСМ-7)	5 250,00			5 250,00		
СК САТУРН ООО			48 000,00	48 000,00		
СК ТЕХНИКС ГРУПП ООО			42 000,00	42 000,00		
СК ТРИЭЛ ООО			23 000,00	23 000,00		
СК ХОРС ООО			56 000,00	56 000,00		
СК ЭКОСТРОЙ ООО			52 000,00	52 000,00		
СК-ГАРАНТИЯ ООО	26 000,00			26 000,00		
СК-ИНЖИНИРИНГ ООО	12 000,00		142 562,50	154 562,50		
СК-ИСМИЛ ООО			37 600,00	37 600,00		
СКАЙМАН ООО (Сурик Солнцево)			70 000,00	70 000,00		
СКАЙТРАНС ООО (пут)	39 920,00		70 993,00	110 913,00		
СКАРТ ООО (не должны)	13 000,00			13 000,00		
СМ XXI ВЕК ООО (пут)	338 297,50		8 353 220,00	8 169 530,50	521 987,00	
СМ КОМПАНИ ООО			371 112,50	371 112,50		
СМАРТ ООО			62 850,00	60 000,00	2 850,00	
СМАРТ РУМС ООО			168 000,00	168 000,00		
СМАРТМАТИК ООО			121 000,00	130 500,00		9 500,00
Смирнов Сергей Николаевич			24 800,00	24 800,00		
СМС ООО			72 000,00	72 000,00		
СМУ ИТС ООО (завер коп)	31 800,00		68 400,00	109 800,00		9 600,00
СМУ ПЭМЗ АО			34 980,00	34 980,00		
СНИС ООО			88 000,00	88 000,00		
СНОССТРОЙИНВЕСТ ООО			70 000,00	70 000,00		
СОВРЕМЕННЫЕ ТЕХНОЛОГИИ СТРОИТЕЛЬСТВА ООО		11 000,00	62 000,00	51 000,00		
СПЕЙСЛАЙТ ООО			22 000,00	22 000,00		
СПЕЦ-ИНДУСТРИЯ ООО (ЛХА КР)			176 000,00	176 000,00		
СПЕЦАВТО ООО			625 382,50	625 382,50		
СПЕЦАВТОБАЗА №1 АО (отправлять оригиналы путевок)			324 025,00	324 025,00		
СПЕЦВОЗ ООО			118 800,00	118 800,00		
СПЕЦМОНТАЖ ООО			98 000,00	98 000,00		
СПЕЦПОРТ НАДЕЖДА ООО (пут)			549 306,25	552 106,25		2 800,00
СПЕЦРЕШЕНИЯ ООО			57 417,60	57 965,20		547,60
СПЕЦСТРОЙ ООО			20 000,00	20 000,00		
СПЕЦСТРОЙ ООО ( Роман из АГР)			50 000,00	50 000,00		
СПЕЦСТРОЙ ООО (ИНН 7707574193)			660 187,50	660 187,50		
СПЕЦТЕХ ООО			941 975,00	864 350,00	77 625,00	
СПЕЦТЕХ ООО (ИНН 9728012865)			15 400,00	15 400,00		
СПЕЦТЕХ ФАВОРИТ ООО (ориг.пут)	49 095,00		270 550,00	319 645,00		
СПЕЦТЕХНИКА ООО (ДИМА)		625,00	292 675,00	292 050,00		
СПЕЦТЕХНИКА ООО (инн 9704034080 / кор б/п)			347 750,00	347 750,00		
СПЕЦТЕХНИКА ООО НПП			18 000,00	18 000,00		
СПЕЦТЕХПОДЪЕМ ООО (добрострой)(пут)	12 960,00		29 368,75		42 328,75	
СПЕЦТРАНС-74 ООО			1 562 425,00	1 514 925,00	47 500,00	
СПЕЦТРАНССТРОЙ ООО (армен от Гева)			94 750,00	94 750,00		
СПО ОГНЕЩИТ ООО			706 562,50	706 562,50		
СПОРТ-ЭКСПРЕСС АО			26 000,00	26 000,00		
СПОРТИВНЫЙ КОМПЛЕКС ОЛИМПИЙСКИЙ АО	2 602 500,00		196 000,00	2 602 500,00	196 000,00	
СПС ООО			894 170,00	894 170,00		
ССК ООО (каскад) (зав. пут+1УПД)	1 986 546,25		18 309 067,50	19 878 213,75	417 400,00	
ССТ ООО (корешки с печатью и эсм7)			20 000,00	20 000,00		
ССТ-53 ООО			50 300,00	50 300,00		
СТАЛЬСТЕКЛОСТРОЙ ООО	2 375,00				2 375,00	
СТАНДАРТПРОФИ ООО			84 000,00	84 000,00		
СТАРТРАНС ООО   матвей (пут)	44 640,00			44 640,00		
СТГ ООО (спец тех град)	1 003 400,00		862 655,34	1 242 865,34	623 190,00	
СТГРУПП-ПВ ООО (пут)	11 000,00		645 650,00	619 150,00	37 500,00	
СТЕКЛОСТРОЙМОНТАЖ ООО			104 937,50	104 937,50		
СТИМУЛ СНТ			35 000,00	35 000,00		
СТК ООО	1 312,50			1 312,50		
СТК ООО ( спецтех комплект )			20 000,00	20 000,00		
СТМ ООО	24 300,00		1 571 195,00	1 515 495,00	80 000,00	
СТМ ООО (Юлия бинотек)			373 028,96	368 528,96	4 500,00	
СТО-Т ООО		20 000,00	40 000,00	20 000,00		
СТР ООО (спец тех решение) (зав.коп.почтой)			15 120,00	15 120,00		
СТРЕЛА ООО (пут)			15 625,00	15 625,00		
СТРОИТЕЛЬ ООО			619 597,50	619 597,50		
СТРОЙ ГРУПП СНС ООО (не должны 8 312,50, опл нал)	8 312,50		-8 312,50			
СТРОЙ ДОМ ООО (Арнох)			26 000,00	26 000,00		
СТРОЙ-ДС ООО			331 075,00	331 075,00		
СТРОЙГАРАНТ ООО		1 125,00				1 125,00
СТРОЙГРАД ООО (коп)		16 250,00	16 250,00			
СТРОЙГРУПП ООО СК			254 875,00	258 000,00		3 125,00
СТРОЙКАПИТАЛ МСК ООО			3 656 935,00	3 620 685,00	36 250,00	
СТРОЙКОНТИНЕНТ ООО	1 000 000,00		1 018 050,00	1 996 050,00	22 000,00	
СТРОЙМОНТАЖ ООО	800,00				800,00	
СТРОЙОСНОВА ООО (Умиат)	44 000,00		648 900,00	692 900,00		
СТРОЙПОЖЗАЩИТА ООО			152 000,00	152 000,00		
СТРОЙПРЕСТИЖ ООО	109 500,00		2 407 080,00	2 373 580,00	143 000,00	
СТРОЙПРОМТОРГ ООО			83 125,00	83 125,00		
СТРОЙРЕГИОНСЕРВИС ООО			145 000,00	144 000,00	1 000,00	
СТРОЙРЕСУРС+ ООО			812 187,50	746 312,50	65 875,00	
СТРОЙСВЯЗЬ ЗАО			245 735,00	245 735,00		
СТРОЙСЕЗОН-М ООО			78 000,00	78 000,00		
СТРОЙСЕРВИС-ЦЕНТР ООО			44 800,00	44 800,00		
СТРОЙСТАНДАРТ ООО (каскад)	1 041 336,25		7 995 365,00	9 031 848,75	4 852,50	
СТРОЙСТАНДАРТ СЕРВИС ООО ( ссс )	1 000,00				1 000,00	
СТРОЙСФЕРА ООО		3 515,00				3 515,00
СТРОЙТРАНС ООО (Умиат)	24 375,00		1 434 810,00	1 449 185,00	10 000,00	
СТРОЙЦЕНТР ООО			63 000,00	63 000,00		
СТЭЙР ГРУП ООО			64 000,00	64 000,00		
СУ-112 ООО		13 960,00				13 960,00
Суханов Игорь Валерьевич			60 960,00	60 960,00		
СФАП ООО			30 000,00	30 000,00		
СЭС ООО			18 000,00	18 000,00		
Талаш Олег Викторович( почта)	1 125,00		72 000,00	73 125,00		
ТАНДЭМ ООО			29 000,00	29 000,00		
ТАЧЧИ ООО			53 400,00	53 400,00		
ТД АЙПРО ООО(договор с 10.01.2022)			2 099 937,50	2 099 937,50		
ТД ГЛАВРУС-РЕКЛАМА ООО	9 500,00		98 000,00	107 500,00		
ТД ОРИОН ООО		18 750,00	31 750,00	13 000,00		
ТЕЛЕКОМ-ИНЖИНИРИНГ ООО			20 450,00	20 450,00		
ТЕЛЕКОМПЛЮС ООО			46 000,00	46 000,00		
ТЕЛЕКОМСТРОЙПРОЕКТ + ООО			303 812,50	304 093,75		281,25
ТЕМП-П ООО			20 000,00	20 000,00		
ТЕПЛОЭНЕРГОСТРОЙ ООО			129 625,00	128 000,00	1 625,00	
ТЕПХОЛ-ГРУПП ООО			86 000,00	86 000,00		
ТЕРМОИНЖЕНИРИНГ ООО		8 400,00				8 400,00
ТЕРМОКОН ООО			571 000,00	571 000,00		
ТЕТРАГРУПП ООО			26 000,00	26 000,00		
ТЕХАЛЬЯНС ООО (пут)			137 400,00	137 400,00		
ТЕХКОМПАНИЯ ХУАВЭЙ ООО	223 776,00		35 392,80	259 168,80		
ТЕХМОДЕРН ООО	115 590,00		5 043 686,25	5 193 276,25		34 000,00
ТЕХМОНТАЖ ООО	1 625,00		505 806,25	507 431,25		
ТЕХНОГЛАСС ООО	9 000,00		-9 000,00			
ТЕХНОЛОГИЯ КОМФОРТА ООО			61 375,00	61 375,00		
ТЕХНОЛОГИЯ-21+ ООО			72 000,00	72 000,00		
ТЕХНОПАРК ООО			13 700,00	13 700,00		
ТЕХПРОЕКТ ООО			30 000,00	30 000,00		
ТЕХСТАТУС ООО (завер копии)			49 000,00	49 000,00		
ТЗК ШЕРЕМЕТЬЕВО ЗАО			72 000,00	72 000,00		
Тинт Сергей Александрович (Игма)	10 125,00				10 125,00	
ТИСБ ООО	55 620,00				55 620,00	
ТК СНАБЛИДЕР ООО			489 195,00	489 195,00		
ТК СТС ООО			50 000,00	50 000,00		
ТОЧКА ООО			45 600,00	45 600,00		
Точка ПАО Банка ФК Открытие	30 000,00				30 000,00	
ТРАНС АЗС - КРАСНОГОРСК ООО			45 200,00	45 200,00		
ТРАНСАЗС ЗАО			345 000,00	345 000,00		
ТРАНСКАР ООО (пут)			164 990,00	164 990,00		
ТРАНСМАШ-МСК ООО			829 387,50	815 637,50	13 750,00	
ТРАНССПЕЦАВТО ООО			21 600,00	21 600,00		
ТРАНССТРОЙ ООО			64 968,75	63 000,00	1 968,75	
ТРАНСТРОЙКОМ ООО		1 500,00				1 500,00
ТРЕХГОРНАЯ МАНУФАКТУРА ПАО (корешки с печатью)	14 625,00		300 762,50	315 387,50		
ТРИ Д ПЛЮС ООО		8 000,00	166 810,00	168 310,00		9 500,00
ТРИАРТ-СМ ООО (ЭСМ-7)			33 750,00	33 750,00		
ТРИКОЛОР ООО			569 962,50	569 562,50	400,00	
ТРК-КРАСНОГОРСК ООО			69 000,00	80 500,00		11 500,00
ТРОН - СТРОЙ ООО			9 600,00	9 600,00		
ТРОНСТРОЙМОНТАЖ ООО (трон-строй)пут			87 375,00	99 750,00		12 375,00
ТСА ООО			192 800,00	216 600,00		23 800,00
ТСР ООО			113 000,00	113 000,00		
ТСТ 21 ООО			14 000,00	14 000,00		
ТСТ ООО			114 000,00	114 000,00		
ТСУ 1 ООО (пут)	28 125,00				28 125,00	
ТТМ-ЦЕНТР ООО			49 500,00	48 000,00	1 500,00	
Тутханян Артур Артурович		1 000,00				1 000,00
ТЭС ООО (скрепка)	217 078,75		286 737,50	503 816,25		
УК КИЕВСКАЯ ООО ( пут с печат)	2 000,00		102 000,00	104 000,00		
УКС-3 ООО (зав коп пут)	48 875,00			48 875,00		
Уланов Михаил Сергеевич			340 325,00	340 325,00		
УЛЬЯНА КОРПОРЕЙШН ООО			1 213 250,00	1 213 250,00		
УМ 77 ООО (пут)	19 125,00		492 500,00	511 625,00		
УМ ООО (пут / ПМК-1)			40 000,00	40 000,00		
УМНЫЙ КЛИМАТ ДИСТРИБЬЮШН ООО			160 062,50	160 062,50		
УНИВЕРСАЛ ПЛЮС ООО			33 000,00	33 000,00		
УПРАВЛЕНИЕ СТОЛИЧНОГО СТРОИТЕЛЬСТВА ООО	24 000,00				24 000,00	
УПРАВЛЯЮЩАЯ КОМПАНИЯ ЦАО ООО			79 625,00	79 625,00		
УФК по г. Москве (МОСП по ВАШ № 3 ГУФССП России по г. Москве л/с 05731А93940)				35 790,49		35 790,49
УФК ПО СМОЛЕНСКОЙ ОБЛАСТИ (Промышленное РОСП г. Смоленска УФССП России по Смоленской области)		2 436,20				2 436,20
ФАВОРИТ ООО		240,00				240,00
ФАЙВ ГРЕЙТ ООО			47 000,00	47 000,00		
ФАКТОР-ТЕРМИНАЛ ООО	2 400,00				2 400,00	
ФАСАДРЕМСТРОЙ ООО (счета почтой)			114 200,00	114 200,00		
ФАСАДСТРОЙГРУП ООО			16 000,00	16 000,00		
ФАСАДЫ ВК ООО			547 170,00	547 170,00		
ФАСАЛКОН ООО	21 250,00		79 500,00	100 750,00		
Федулеев Андрей Валерьевич			44 000,00	44 000,00		
ФЕРРОСТРОЙМОНТАЖ ООО			474 937,50	474 937,50		
ФИБРОБЕТОН ООО	300 350,00		1 111 624,92	1 231 974,96	179 999,96	
Филиал "ВЕГАС СИТИ" АО "КРОКУС"			42 000,00	42 000,00		
Филиал Росгосцирка цирк-шапито «Радуга»			42 000,00	42 000,00		
ФИНАНС СТРОЙ ИНВЕСТ ООО			6 366 937,50	6 368 812,50		1 875,00
ФИНВЕСТСЕРВИС АО			28 000,00	28 000,00		
ФК СПАРТАК-МОСКВА АО			60 000,00	60 000,00		
ФМ-ВЕКТОР ООО			48 400,00	48 400,00		
Фомичев Андрей Анатольевич			40 000,00	40 000,00		
ФОРДИС ООО		138 900,00	267 575,00	133 787,50		5 112,50
ФОРЕСТ ООО			300 000,00	300 000,00		
ФОРМУЛА КАЧЕСТВА ООО	3 000,00		-3 000,00			
ФОРМУЛА СБ ООО			125 000,00	125 000,00		
ФОРПОСТ ООО СК			3 779 997,50	3 778 185,00	1 812,50	
ФОРТ-КОНТРОЛЬ ООО		2 000,00	18 000,00	16 000,00		
ФРЭШ ПРОДАКШН ООО	2 000,00			2 000,00		
ХАЙ-ТЕК СЕКЬЮРИТИ ООО			261 500,00	261 500,00		
ХАРДЭНЕРДЖИ ООО		86 000,00	282 380,00	196 380,00		
ХАРТЕК ООО			137 150,00	137 150,00		
ХЕБЕР-М ООО			92 250,00	92 250,00		
ХОББИДОМ ООО			61 400,00	61 400,00		
ХОЛОДТЕХСНАБ ООО			22 000,00	22 000,00		
Хорошев Денис Рашидович			11 040,00	11 040,00		
ЦЕЛЬСИС ООО		1 000,00	39 000,00	39 000,00		1 000,00
ЦЕНТРИС ООО			19 200,00	19 400,00		200,00
ЦЕНТРКРАНСТРОЙ ООО			885 500,00	885 500,00		
ЦЕФЕЙ ООО	8 000,00		39 000,00	47 000,00		
ЦКА ЭДЕМ ООО			100 000,00	100 000,00		
ЦМТ ПАО			130 000,00	130 000,00		
ЦСМ ООО			13 500,00	13 500,00		
ЦСТЭ-ГК ООО			24 000,00	24 000,00		
Черемухин Сергей Викторович			19 200,00	19 200,00		
Шилова Екатерина Борисовна			269 350,00	269 350,00		
ШИН-ТЭК ООО			24 000,00	24 000,00		
Шулепин Евгений Юрьевич		9 000,00	86 400,00	77 400,00		
ШЭЛМ  ООО			949 300,00	940 550,00	8 750,00	
ЭВЕРЕНТ ООО			48 000,00	48 000,00		
ЭЙ ДЖИ СПЕЦ ТРАНС ООО			56 375,00	56 375,00		
ЭЙРКОН КОНСТРАКШН ООО				15 000,00		15 000,00
ЭКО ГРИН СТРОЙ ООО (коп пут)	22 000,00		5 323 875,00	5 345 875,00		
ЭКОБАКСЕРВИС ООО			95 750,00	95 750,00		
ЭКОДОК ООО			454 500,00	454 500,00		
ЭКОКОМФОРТ ООО		13 000,00	129 125,00	116 125,00		
ЭКОЛАЙФ ООО		9 000,00	72 000,00	63 000,00		
ЭКОЛОГИСТИК ООО (скрепка)	165 300,00		4 522 137,50	4 687 437,50		
ЭКОТРАНСЛОГИСТИК ООО	750,00		353 750,00	354 500,00		
ЭКСПО-ПРОЕКТ ООО	1 125,00				1 125,00	
ЭЛВЕКОН ООО			272 625,00	272 625,00		
ЭЛЕВАТОРСПЕЦСТРОЙ ООО ТД (скрепка)			30 291 000,00	30 874 000,00		583 000,00
ЭЛЕКС-ПОЛЮС КАР ООО			47 000,00	47 000,00		
ЭЛЕКТРОМОНТАЖ-НАЛАДКА ООО		400,00	393 428,75	402 728,75		9 700,00
ЭЛЕМЕНТ ООО (ск мир)		51 600,00	51 600,00			
ЭЛИДА-Н ООО			12 750,00	12 750,00		
Элис Профит ООО			67 125,00	68 375,00		1 250,00
ЭЛП ООО (ЭСМ-7 и корешки)			57 000,00	57 000,00		
ЭЛТЕХКОМ ООО			35 200,00	35 200,00		
ЭМПЕРИУМ ООО			125 000,00	125 000,00		
ЭМС ООО			159 800,00	158 400,00	1 400,00	
ЭМЦ ООО			23 400,00	23 400,00		
ЭНЕРГИЯ ООО	2 880,00				2 880,00	
ЭНЕРГКОМ ПЛЮС ООО			18 000,00	18 000,00		
ЭНЕРГО КОМФОРТ ООО	1 125,00		29 000,00	44 625,00		14 500,00
ЭНЕРГОКОНСТРАКШН ООО			53 000,00	53 000,00		
ЭНЕРГОСЕРВИС ООО			8 000,00	8 000,00		
ЭНЕРГОСТРОЙ ООО (три арт)	3 250,00				3 250,00	
ЭНКА ТЦ ООО			229 625,00	203 625,00	26 000,00	
ЭРА-М ООО	36 400,00		256 790,00	293 190,00		
ЭСАМ-ГРУПП ООО		29 600,00				29 600,00
ЭСТ ООО			112 000,00	112 000,00		
ЭСТА КОНСТРАКШЕН ООО (зав. коп+ счет)	566 250,00		8 931 925,00	9 529 425,00		31 250,00
ЭТАЛОН-ИНВЕСТ ООО	1 500,00				1 500,00	
ЭТИЛЕН К АО	7 500,00		389 125,00	396 625,00		
ЭФ ЭМ СЕРВИС ООО			48 000,00	48 000,00		
ЮГ 2008 ООО			217 500,00	232 000,00		14 500,00
ЮГСТРОЙСЕРВИС ООО	3 375,00				3 375,00	
ЮНИТС ООО	3 000,00		200 000,00	203 000,00		
ЯРД ИМПЕРИАЛ ООО (Умиат)			770 593,75	705 031,25	65 562,50	
Итого	18 980 249,71		444 827 718,48	451 576 242,28	12 231 725,91	